,age,count,ureaLVL
0,40.26,17.66,154.06
1,28.71,5.49,135.56
2,14.48,9.41,144.54
3,19.52,4.73,104.96
4,72.88,3.38,191.55
5,10.22,4.4,189.19
6,4.59,8.95,116.38
7,13.36,3.21,132.49
8,72.28,8.73,189.06
9,28.12,8.65,111.24
10,29.91,8.35,142.49
11,69.69,5.59,192.1
12,14.88,13.07,166.56
13,47.92,14.46,130.78
14,74.61,6.96,193.18
15,13.54,17.2,177.34
16,64.8,6.3,187.01
17,44.94,12.75,145.46
18,50.69,11.55,191.37
19,75.66,6.64,145.91
20,61.58,16.55,167.02
21,43.66,17.64,107.83
22,9.3,11.98,135.27
23,57.79,16.57,138.91
24,63.89,2.15,137.5
25,38.98,1.3,193.39
26,33.98,2.53,163.61
27,15.02,12.61,145.73
28,45.19,11.13,189.49
29,48.97,18.99,129.9
30,58.98,10.31,188.39
31,30.02,16.63,148.54
32,50.07,7.22,173.28
33,74.51,9.58,162.19
34,72.41,1.28,125.74
35,26.03,14.1,112.73
36,18.85,13.57,126.11
37,49.5,15.67,132.12
38,12.66,5.51,105.27
39,60.83,8.3,185.15
40,24.09,13.18,175.07
41,69.99,8.81,106.8
42,52.82,10.72,147.88
43,16.81,1.31,181.31
44,15.76,14.29,159.05
45,44.76,9.17,116.32
46,14.72,6.15,107.97
47,79.0,4.23,173.16
48,67.13,4.59,180.46
49,68.91,2.56,137.4
